acl
WilcoxonResult(statistic=55.0, pvalue=0.0009765625)WilcoxonResult(statistic=55.0, pvalue=0.0009765625)breast
WilcoxonResult(statistic=55.0, pvalue=0.0009765625)WilcoxonResult(statistic=55.0, pvalue=0.0009765625)thyroid
WilcoxonResult(statistic=51.0, pvalue=0.0068359375)WilcoxonResult(statistic=55.0, pvalue=0.0009765625)